delta Result LL
43 44 45 45 41 42 43 43 46 46 46 46 40 40 41 46 46 42 43 46 46 46 46 46 46 38 39 39 39 41 41 41 42 46 46 46 46 46 46 46 41 41 41 42 43 46 46 46 
42 43 44 44 40 41 42 42 45 45 45 45 39 40 40 45 45 41 42 45 45 45 45 45 45 37 38 38 38 40 40 40 41 45 45 45 45 45 45 45 40 40 40 41 42 45 45 45 
41 42 43 43 40 40 41 41 44 44 44 44 38 39 39 44 44 40 41 44 44 44 44 44 44 36 37 37 37 39 39 40 40 44 44 44 44 44 44 44 41 40 39 40 41 44 44 44 
42 41 42 42 39 39 40 40 43 43 43 43 37 38 38 43 43 39 40 43 43 43 43 43 43 37 36 36 36 38 39 39 39 43 43 43 43 43 43 43 40 40 40 39 40 43 43 43 
42 42 41 41 38 38 39 39 42 42 42 42 38 37 37 42 42 38 39 42 42 42 42 42 42 36 36 35 35 37 38 38 38 42 42 42 42 42 42 42 40 39 39 39 39 42 42 42 
43 42 41 40 38 37 38 38 41 41 41 41 38 37 36 41 41 38 38 41 41 41 41 41 41 37 36 35 34 38 37 38 37 41 41 41 41 41 41 41 39 39 38 39 38 41 41 41 
47 46 45 44 7 6 5 4 0 0 0 0 9 8 7 0 0 4 3 0 0 0 0 0 0 22 21 20 19 7 6 5 4 0 0 0 0 0 0 0 7 6 5 4 3 0 0 0 
47 46 45 44 7 6 5 4 0 0 0 0 9 8 7 0 0 4 3 0 0 0 0 0 0 22 21 20 19 7 6 5 4 0 0 0 0 0 0 0 7 6 5 4 3 0 0 0 
42 42 41 40 4 3 4 4 6 6 6 6 6 6 6 6 6 3 4 6 6 6 6 6 6 20 19 18 17 5 4 5 6 6 6 6 6 6 6 6 7 6 5 6 6 6 6 6 
43 42 41 41 4 4 3 3 5 5 5 5 6 5 5 5 5 3 3 5 5 5 5 5 5 21 20 19 18 6 5 4 5 5 5 5 5 5 5 5 7 7 6 5 5 5 5 5 
43 42 41 40 5 4 3 2 4 4 4 4 6 5 4 4 4 3 2 4 4 4 4 4 4 21 20 19 18 7 6 5 4 4 4 4 4 4 4 4 8 7 6 5 4 4 4 4 
47 46 45 44 7 6 5 4 0 0 0 0 9 8 7 0 0 4 3 0 0 0 0 0 0 22 21 20 19 7 6 5 4 0 0 0 0 0 0 0 7 6 5 4 3 0 0 0 
47 46 45 44 7 6 5 4 0 0 0 0 9 8 7 0 0 4 3 0 0 0 0 0 0 22 21 20 19 7 6 5 4 0 0 0 0 0 0 0 7 6 5 4 3 0 0 0 
47 46 45 44 7 6 5 4 0 0 0 0 9 8 7 0 0 4 3 0 0 0 0 0 0 22 21 20 19 7 6 5 4 0 0 0 0 0 0 0 7 6 5 4 3 0 0 0 
47 46 45 44 7 6 5 4 0 0 0 0 9 8 7 0 0 4 3 0 0 0 0 0 0 22 21 20 19 7 6 5 4 0 0 0 0 0 0 0 7 6 5 4 3 0 0 0 
47 46 45 44 7 6 5 4 0 0 0 0 9 8 7 0 0 4 3 0 0 0 0 0 0 22 21 20 19 7 6 5 4 0 0 0 0 0 0 0 7 6 5 4 3 0 0 0 
47 46 45 44 7 6 5 4 0 0 0 0 9 8 7 0 0 4 3 0 0 0 0 0 0 22 21 20 19 7 6 5 4 0 0 0 0 0 0 0 7 6 5 4 3 0 0 0 
47 46 45 44 7 6 5 4 0 0 0 0 9 8 7 0 0 4 3 0 0 0 0 0 0 22 21 20 19 7 6 5 4 0 0 0 0 0 0 0 7 6 5 4 3 0 0 0 
39 38 37 36 10 10 10 10 13 13 13 13 11 10 11 13 13 11 11 13 13 13 13 13 13 15 14 13 13 11 11 10 10 13 13 13 13 13 13 13 11 11 11 11 11 13 13 13 
40 39 38 37 9 9 9 9 12 12 12 12 12 11 10 12 12 10 10 12 12 12 12 12 12 15 14 13 12 10 10 10 9 12 12 12 12 12 12 12 10 11 10 10 10 12 12 12 
43 43 42 41 5 4 5 5 5 5 5 5 9 8 7 5 5 4 5 5 5 5 5 5 5 19 18 17 16 4 3 4 5 5 5 5 5 5 5 5 6 5 4 5 5 5 5 5 
44 43 42 42 5 5 4 4 4 4 4 4 9 8 7 4 4 4 4 4 4 4 4 4 4 20 19 18 17 5 4 3 4 4 4 4 4 4 4 4 6 6 5 4 4 4 4 4 
44 43 42 41 6 5 4 3 3 3 3 3 9 8 7 3 3 4 3 3 3 3 3 3 3 21 20 19 18 6 5 4 3 3 3 3 3 3 3 3 7 6 5 4 3 3 3 3 
47 46 45 44 7 6 5 4 0 0 0 0 9 8 7 0 0 4 3 0 0 0 0 0 0 22 21 20 19 7 6 5 4 0 0 0 0 0 0 0 7 6 5 4 3 0 0 0 
47 46 45 44 7 6 5 4 0 0 0 0 9 8 7 0 0 4 3 0 0 0 0 0 0 22 21 20 19 7 6 5 4 0 0 0 0 0 0 0 7 6 5 4 3 0 0 0 
47 46 45 44 7 6 5 4 0 0 0 0 9 8 7 0 0 4 3 0 0 0 0 0 0 22 21 20 19 7 6 5 4 0 0 0 0 0 0 0 7 6 5 4 3 0 0 0 
43 42 41 41 4 3 2 2 5 5 5 5 6 5 5 5 5 3 3 5 5 5 5 5 5 20 19 18 17 7 6 5 5 5 5 5 5 5 5 5 5 4 4 3 3 5 5 5 
43 42 41 40 4 3 2 1 4 4 4 4 6 5 4 4 4 3 2 4 4 4 4 4 4 20 19 18 17 7 6 5 4 4 4 4 4 4 4 4 6 5 4 3 2 4 4 4 
47 46 45 44 7 6 5 4 0 0 0 0 9 8 7 0 0 4 3 0 0 0 0 0 0 22 21 20 19 7 6 5 4 0 0 0 0 0 0 0 7 6 5 4 3 0 0 0 
47 46 45 44 7 6 5 4 0 0 0 0 9 8 7 0 0 4 3 0 0 0 0 0 0 22 21 20 19 7 6 5 4 0 0 0 0 0 0 0 7 6 5 4 3 0 0 0 
47 46 45 44 7 6 5 4 0 0 0 0 9 8 7 0 0 4 3 0 0 0 0 0 0 22 21 20 19 7 6 5 4 0 0 0 0 0 0 0 7 6 5 4 3 0 0 0 
47 46 45 44 7 6 5 4 0 0 0 0 9 8 7 0 0 4 3 0 0 0 0 0 0 22 21 20 19 7 6 5 4 0 0 0 0 0 0 0 7 6 5 4 3 0 0 0 
47 46 45 44 7 6 5 4 0 0 0 0 9 8 7 0 0 4 3 0 0 0 0 0 0 22 21 20 19 7 6 5 4 0 0 0 0 0 0 0 7 6 5 4 3 0 0 0 
47 46 45 44 7 6 5 4 0 0 0 0 9 8 7 0 0 4 3 0 0 0 0 0 0 22 21 20 19 7 6 5 4 0 0 0 0 0 0 0 7 6 5 4 3 0 0 0 
47 46 45 44 7 6 5 4 0 0 0 0 9 8 7 0 0 4 3 0 0 0 0 0 0 22 21 20 19 7 6 5 4 0 0 0 0 0 0 0 7 6 5 4 3 0 0 0 
41 40 39 38 9 9 9 10 10 10 10 10 11 10 11 10 10 10 10 10 10 10 10 10 10 17 17 17 18 8 8 8 8 10 10 10 10 10 10 10 9 9 9 9 10 10 10 10 
42 41 40 39 8 8 8 9 9 9 9 9 10 10 10 9 9 9 9 9 9 9 9 9 9 17 16 16 17 7 7 7 7 9 9 9 9 9 9 9 8 8 8 8 9 9 9 9 
43 42 41 40 8 7 7 8 8 8 8 8 10 9 9 8 8 8 8 8 8 8 8 8 8 18 17 16 16 6 6 6 6 8 8 8 8 8 8 8 8 7 7 7 8 8 8 8 
42 42 42 41 7 7 6 7 7 7 7 7 9 9 8 7 7 7 7 7 7 7 7 7 7 19 18 17 16 5 5 5 5 7 7 7 7 7 7 7 8 7 6 6 7 7 7 7 
42 41 42 42 7 6 6 6 6 6 6 6 8 9 8 6 6 6 6 6 6 6 6 6 6 20 19 18 17 5 4 4 4 6 6 6 6 6 6 6 7 7 6 5 6 6 6 6 
43 42 41 41 7 6 5 5 5 5 5 5 9 8 8 5 5 5 5 5 5 5 5 5 5 20 19 18 17 5 4 3 3 5 5 5 5 5 5 5 7 6 6 5 5 5 5 5 
43 42 41 40 7 6 5 4 4 4 4 4 9 8 7 4 4 5 4 4 4 4 4 4 4 20 19 18 17 5 4 3 2 4 4 4 4 4 4 4 8 7 6 5 4 4 4 4 
47 46 45 44 7 6 5 4 0 0 0 0 9 8 7 0 0 4 3 0 0 0 0 0 0 22 21 20 19 7 6 5 4 0 0 0 0 0 0 0 7 6 5 4 3 0 0 0 
47 46 45 44 7 6 5 4 0 0 0 0 9 8 7 0 0 4 3 0 0 0 0 0 0 22 21 20 19 7 6 5 4 0 0 0 0 0 0 0 7 6 5 4 3 0 0 0 
47 46 45 44 7 6 5 4 0 0 0 0 9 8 7 0 0 4 3 0 0 0 0 0 0 22 21 20 19 7 6 5 4 0 0 0 0 0 0 0 7 6 5 4 3 0 0 0 
47 46 45 44 7 6 5 4 0 0 0 0 9 8 7 0 0 4 3 0 0 0 0 0 0 22 21 20 19 7 6 5 4 0 0 0 0 0 0 0 7 6 5 4 3 0 0 0 
47 46 45 44 7 6 5 4 0 0 0 0 9 8 7 0 0 4 3 0 0 0 0 0 0 22 21 20 19 7 6 5 4 0 0 0 0 0 0 0 7 6 5 4 3 0 0 0 

delta Result LL_compressed
delta_tree
43 44 45 46 42 42 43 44 46 46 46 46 41 42 43 46 46 43 43 46 46 46 46 46 46 39 40 41 41 42 42 42 43 46 46 46 46 46 46 46 42 43 43 43 44 46 46 46 47 
43 43 44 45 41 41 42 43 45 45 45 45 40 41 42 45 45 42 42 45 45 45 45 45 45 38 39 40 40 41 41 41 42 45 45 45 45 45 45 45 41 42 42 42 43 45 45 45 46 
42 42 43 44 41 40 41 42 44 44 44 44 39 40 41 44 44 41 41 44 44 44 44 44 44 38 38 39 39 40 40 40 41 44 44 44 44 44 44 44 42 41 41 41 42 44 44 44 45 
42 41 42 43 40 40 40 41 43 43 43 43 38 39 40 43 43 40 40 43 43 43 43 43 43 38 37 38 38 39 39 39 40 43 43 43 43 43 43 43 41 41 41 40 41 43 43 43 44 
43 42 41 42 39 39 39 40 42 42 42 42 39 38 39 42 42 39 39 42 42 42 42 42 42 39 38 37 37 38 38 39 39 42 42 42 42 42 42 42 41 40 40 40 40 42 42 42 43 
44 43 42 41 39 38 38 39 41 41 41 41 38 39 38 41 41 39 38 41 41 41 41 41 41 39 38 37 36 38 37 38 38 41 41 41 41 41 41 41 40 40 39 39 39 41 41 41 42 
47 46 45 44 7 6 5 4 1 0 0 1 9 8 7 0 1 4 3 1 0 0 1 1 1 22 21 20 19 8 7 6 5 1 1 1 1 0 1 1 8 7 6 5 4 1 1 1 1 
47 46 45 44 8 7 6 5 1 1 1 1 10 9 8 1 1 5 4 1 1 1 0 1 1 22 21 20 19 7 6 5 4 1 1 1 0 1 1 1 8 7 6 5 4 1 1 1 1 
43 42 41 40 4 4 4 5 7 6 6 7 7 7 7 6 7 4 5 7 6 6 7 7 7 20 19 18 17 5 5 5 6 7 7 7 7 6 7 7 8 7 6 6 7 7 7 7 7 
43 42 42 41 5 4 3 4 6 5 5 6 6 6 6 5 6 4 4 6 5 5 6 6 6 21 20 19 18 6 5 4 5 6 6 6 6 5 6 6 8 7 6 5 6 6 6 6 6 
44 43 42 41 6 5 4 3 5 4 4 5 7 6 5 4 5 4 3 5 4 4 5 5 5 22 21 20 19 7 6 5 4 5 5 5 5 4 5 5 9 8 7 6 5 5 5 5 5 
47 46 45 44 7 6 5 4 1 0 0 1 9 8 7 0 1 4 3 1 0 0 1 1 1 22 21 20 19 8 7 6 5 1 1 1 1 0 1 1 8 7 6 5 4 1 1 1 1 
47 46 45 44 7 6 5 4 1 0 0 1 9 8 7 0 1 4 3 1 0 0 1 1 1 22 21 20 19 8 7 6 5 1 1 1 1 0 1 1 8 7 6 5 4 1 1 1 1 
47 46 45 44 7 6 5 4 1 0 0 1 9 8 7 0 1 4 3 1 0 0 1 1 1 22 21 20 19 8 7 6 5 1 1 1 1 0 1 1 8 7 6 5 4 1 1 1 1 
47 46 45 44 7 6 5 4 1 0 0 1 9 8 7 0 1 4 3 1 0 0 1 1 1 22 21 20 19 8 7 6 5 1 1 1 1 0 1 1 8 7 6 5 4 1 1 1 1 
47 46 45 44 7 6 5 4 1 0 0 1 9 8 7 0 1 4 3 1 0 0 1 1 1 22 21 20 19 8 7 6 5 1 1 1 1 0 1 1 8 7 6 5 4 1 1 1 1 
47 46 45 44 8 7 6 5 1 1 1 1 10 9 8 1 1 5 4 1 1 1 0 1 1 22 21 20 19 7 6 5 4 1 1 1 0 1 1 1 8 7 6 5 4 1 1 1 1 
47 46 45 44 7 6 5 4 0 1 1 1 9 8 7 1 0 4 3 0 1 1 1 0 0 22 21 20 19 7 6 5 4 1 1 0 1 1 0 0 7 6 5 4 3 0 0 0 1 
41 40 39 38 11 11 10 11 13 13 13 13 11 11 11 13 13 12 12 13 13 13 13 13 13 16 15 15 15 12 11 10 11 13 13 13 13 13 13 13 12 12 12 11 12 13 13 13 14 
42 41 40 39 10 10 10 10 12 12 12 12 12 11 10 12 12 11 11 12 12 12 12 12 12 17 16 15 14 11 11 11 10 12 12 12 12 12 12 12 11 12 11 11 11 12 12 12 13 
44 43 42 41 5 5 5 6 6 6 6 5 10 9 8 6 6 5 6 6 6 6 5 6 6 19 18 17 16 4 4 4 5 5 5 6 5 6 6 6 7 6 5 5 6 6 6 6 6 
44 43 43 42 6 5 4 5 5 5 5 4 9 9 8 5 5 5 5 5 5 5 4 5 5 20 19 18 17 5 4 3 4 4 4 5 4 5 5 5 7 6 5 4 5 5 5 5 5 
45 44 43 42 7 6 5 4 4 4 4 3 10 9 8 4 4 5 4 4 4 4 3 4 4 21 20 19 18 6 5 4 3 3 3 4 3 4 4 4 8 7 6 5 4 4 4 4 4 
47 46 45 44 8 7 6 5 1 1 1 1 10 9 8 1 1 5 4 1 1 1 0 1 1 22 21 20 19 7 6 5 4 1 1 1 0 1 1 1 8 7 6 5 4 1 1 1 1 
47 46 45 44 7 6 5 4 1 1 1 0 10 9 8 1 1 5 4 1 1 1 1 1 1 22 21 20 19 7 6 5 4 0 0 1 1 1 1 1 8 7 6 5 4 1 1 1 1 
47 46 45 44 7 6 5 4 1 1 1 0 10 9 8 1 1 5 4 1 1 1 1 1 1 22 21 20 19 7 6 5 4 0 0 1 1 1 1 1 8 7 6 5 4 1 1 1 1 
44 43 42 41 4 3 3 3 5 5 5 5 7 6 6 5 5 4 4 5 5 5 6 5 5 21 20 19 18 8 7 6 6 5 5 5 6 5 5 5 6 5 5 4 4 5 5 5 6 
44 43 42 41 5 4 3 2 4 4 4 4 7 6 5 4 4 4 3 4 4 4 5 4 4 21 20 19 18 8 7 6 5 4 4 4 5 4 4 4 7 6 5 4 3 4 4 4 5 
47 46 45 44 7 6 5 4 0 1 1 1 9 8 7 1 0 4 3 0 1 1 1 0 0 22 21 20 19 7 6 5 4 1 1 0 1 1 0 0 7 6 5 4 3 0 0 0 1 
47 46 45 44 7 6 5 4 0 1 1 1 9 8 7 1 0 4 3 0 1 1 1 0 0 22 21 20 19 7 6 5 4 1 1 0 1 1 0 0 7 6 5 4 3 0 0 0 1 
47 46 45 44 7 6 5 4 1 0 0 1 9 8 7 0 1 4 3 1 0 0 1 1 1 22 21 20 19 8 7 6 5 1 1 1 1 0 1 1 8 7 6 5 4 1 1 1 1 
47 46 45 44 7 6 5 4 1 1 1 0 10 9 8 1 1 5 4 1 1 1 1 1 1 22 21 20 19 7 6 5 4 0 0 1 1 1 1 1 8 7 6 5 4 1 1 1 1 
47 46 45 44 8 7 6 5 1 1 1 1 10 9 8 1 1 5 4 1 1 1 0 1 1 22 21 20 19 7 6 5 4 1 1 1 0 1 1 1 8 7 6 5 4 1 1 1 1 
47 46 45 44 7 6 5 4 1 1 1 0 10 9 8 1 1 5 4 1 1 1 1 1 1 22 21 20 19 7 6 5 4 0 0 1 1 1 1 1 8 7 6 5 4 1 1 1 1 
47 46 45 44 7 6 5 4 0 1 1 1 9 8 7 1 0 4 3 0 1 1 1 0 0 22 21 20 19 7 6 5 4 1 1 0 1 1 0 0 7 6 5 4 3 0 0 0 1 
41 40 40 39 10 11 10 11 11 11 11 10 11 11 11 11 11 10 11 11 11 11 10 11 11 18 17 18 18 8 8 8 9 10 10 11 10 11 11 11 10 11 11 10 11 11 11 11 11 
42 41 40 39 9 10 10 10 10 10 10 9 11 11 10 10 10 9 10 10 10 10 9 10 10 17 17 17 17 7 8 8 8 9 9 10 9 10 10 10 9 10 10 10 10 10 10 10 10 
43 42 41 40 8 9 9 9 9 9 9 8 11 10 10 9 9 8 9 9 9 9 8 9 9 18 17 16 16 6 7 7 7 8 8 9 8 9 9 9 9 9 9 9 9 9 9 9 9 
43 43 42 41 7 8 8 8 8 8 8 7 10 10 9 8 8 7 8 8 8 8 7 8 8 19 18 17 16 5 6 6 6 7 7 8 7 8 8 8 9 8 8 8 8 8 8 8 8 
43 42 42 42 7 7 7 7 7 7 7 6 9 9 9 7 7 6 7 7 7 7 6 7 7 20 19 18 17 5 5 5 5 6 6 7 6 7 7 7 9 8 7 7 7 7 7 7 7 
43 42 41 42 8 7 6 6 6 6 6 5 9 8 9 6 6 6 6 6 6 6 5 6 6 21 20 19 18 6 5 4 4 5 5 6 5 6 6 6 9 8 7 6 6 6 6 6 6 
44 43 42 41 8 7 6 5 5 5 5 4 10 9 8 5 5 6 5 5 5 5 4 5 5 21 20 19 18 6 5 4 3 4 4 5 4 5 5 5 9 8 7 6 5 5 5 5 5 
47 46 45 44 7 6 5 4 1 1 1 0 10 9 8 1 1 5 4 1 1 1 1 1 1 22 21 20 19 7 6 5 4 0 0 1 1 1 1 1 8 7 6 5 4 1 1 1 1 
47 46 45 44 8 7 6 5 1 1 1 1 10 9 8 1 1 5 4 1 1 1 0 1 1 22 21 20 19 7 6 5 4 1 1 1 0 1 1 1 8 7 6 5 4 1 1 1 1 
47 46 45 44 7 6 5 4 1 1 1 0 10 9 8 1 1 5 4 1 1 1 1 1 1 22 21 20 19 7 6 5 4 0 0 1 1 1 1 1 8 7 6 5 4 1 1 1 1 
47 46 45 44 8 7 6 5 1 1 1 1 10 9 8 1 1 5 4 1 1 1 0 1 1 22 21 20 19 7 6 5 4 1 1 1 0 1 1 1 8 7 6 5 4 1 1 1 1 
47 46 45 44 7 6 5 4 1 0 0 1 9 8 7 0 1 4 3 1 0 0 1 1 1 22 21 20 19 8 7 6 5 1 1 1 1 0 1 1 8 7 6 5 4 1 1 1 1 
48 47 46 45 8 7 6 5 1 1 1 1 10 9 8 1 1 5 4 1 1 1 1 1 1 23 22 21 20 8 7 6 5 1 1 1 1 1 1 1 8 7 6 5 4 1 1 1 0 

delta_compressed_tree
43 42 46 46 46 46 41 46 46 43 46 46 46 46 46 46 39 42 46 46 46 46 46 46 46 42 46 46 46 47 
47 7 1 0 0 1 9 0 1 4 1 0 0 1 1 1 22 8 1 1 1 1 0 1 1 8 1 1 1 1 
47 8 1 1 1 1 10 1 1 5 1 1 1 0 1 1 22 7 1 1 1 0 1 1 1 8 1 1 1 1 
43 4 7 6 6 7 7 6 7 4 7 6 6 7 7 7 20 5 7 7 7 7 6 7 7 8 7 7 7 7 
47 7 1 0 0 1 9 0 1 4 1 0 0 1 1 1 22 8 1 1 1 1 0 1 1 8 1 1 1 1 
47 7 1 0 0 1 9 0 1 4 1 0 0 1 1 1 22 8 1 1 1 1 0 1 1 8 1 1 1 1 
47 7 1 0 0 1 9 0 1 4 1 0 0 1 1 1 22 8 1 1 1 1 0 1 1 8 1 1 1 1 
47 7 1 0 0 1 9 0 1 4 1 0 0 1 1 1 22 8 1 1 1 1 0 1 1 8 1 1 1 1 
47 7 1 0 0 1 9 0 1 4 1 0 0 1 1 1 22 8 1 1 1 1 0 1 1 8 1 1 1 1 
47 8 1 1 1 1 10 1 1 5 1 1 1 0 1 1 22 7 1 1 1 0 1 1 1 8 1 1 1 1 
47 7 0 1 1 1 9 1 0 4 0 1 1 1 0 0 22 7 1 1 0 1 1 0 0 7 0 0 0 1 
41 11 13 13 13 13 11 13 13 12 13 13 13 13 13 13 16 12 13 13 13 13 13 13 13 12 13 13 13 14 
44 5 6 6 6 5 10 6 6 5 6 6 6 5 6 6 19 4 5 5 6 5 6 6 6 7 6 6 6 6 
47 8 1 1 1 1 10 1 1 5 1 1 1 0 1 1 22 7 1 1 1 0 1 1 1 8 1 1 1 1 
47 7 1 1 1 0 10 1 1 5 1 1 1 1 1 1 22 7 0 0 1 1 1 1 1 8 1 1 1 1 
47 7 1 1 1 0 10 1 1 5 1 1 1 1 1 1 22 7 0 0 1 1 1 1 1 8 1 1 1 1 
44 4 5 5 5 5 7 5 5 4 5 5 5 6 5 5 21 8 5 5 5 6 5 5 5 6 5 5 5 6 
47 7 0 1 1 1 9 1 0 4 0 1 1 1 0 0 22 7 1 1 0 1 1 0 0 7 0 0 0 1 
47 7 0 1 1 1 9 1 0 4 0 1 1 1 0 0 22 7 1 1 0 1 1 0 0 7 0 0 0 1 
47 7 1 0 0 1 9 0 1 4 1 0 0 1 1 1 22 8 1 1 1 1 0 1 1 8 1 1 1 1 
47 7 1 1 1 0 10 1 1 5 1 1 1 1 1 1 22 7 0 0 1 1 1 1 1 8 1 1 1 1 
47 8 1 1 1 1 10 1 1 5 1 1 1 0 1 1 22 7 1 1 1 0 1 1 1 8 1 1 1 1 
47 7 1 1 1 0 10 1 1 5 1 1 1 1 1 1 22 7 0 0 1 1 1 1 1 8 1 1 1 1 
47 7 0 1 1 1 9 1 0 4 0 1 1 1 0 0 22 7 1 1 0 1 1 0 0 7 0 0 0 1 
41 10 11 11 11 10 11 11 11 10 11 11 11 10 11 11 18 8 10 10 11 10 11 11 11 10 11 11 11 11 
47 7 1 1 1 0 10 1 1 5 1 1 1 1 1 1 22 7 0 0 1 1 1 1 1 8 1 1 1 1 
47 8 1 1 1 1 10 1 1 5 1 1 1 0 1 1 22 7 1 1 1 0 1 1 1 8 1 1 1 1 
47 7 1 1 1 0 10 1 1 5 1 1 1 1 1 1 22 7 0 0 1 1 1 1 1 8 1 1 1 1 
47 8 1 1 1 1 10 1 1 5 1 1 1 0 1 1 22 7 1 1 1 0 1 1 1 8 1 1 1 1 
47 7 1 0 0 1 9 0 1 4 1 0 0 1 1 1 22 8 1 1 1 1 0 1 1 8 1 1 1 1 
48 8 1 1 1 1 10 1 1 5 1 1 1 1 1 1 23 8 1 1 1 1 1 1 1 8 1 1 1 0 

